0.407429,-2.7649,0.784603,-0.004324,0.003129,0.024914,0.999675,-0.079223,0.020839,0.039807,0.205805,-0.125145,0.002871,-0.098998,-0.077131,-0.077524,0.204116,-0.068438,0.035586,0.023999,-0.0418,0.096195,0.148883,0.363098,-0.121281,0.716315,0.1131,0.314573,-0.068093,0.063837,-0.454881,0.4242,0.670385,-0.248446,0.311064,0.323987
0.402567,-2.762766,0.784108,-0.007211,-0.000009,0.023695,0.999693,-0.086162,0.025532,0.041039,0.22137,-0.131814,0.001477,-0.118107,-0.074113,-0.074286,0.24,-0.06712,0.02756,0.024966,-0.053877,0.152459,0.122122,0.37212,-0.124112,0.620073,0.065194,0.337096,-0.039281,0.028861,-0.476369,0.452251,0.56343,-0.24325,0.291349,0.297288
0.396449,-2.760581,0.78318,-0.010518,-0.003092,0.019779,0.999744,-0.096745,0.032673,0.046057,0.241688,-0.139259,-0.002008,-0.147233,-0.068885,-0.065251,0.288198,-0.064512,0.02128,0.027466,-0.066389,0.216626,0.085348,0.377688,-0.133983,0.515748,0.010036,0.351825,-0.001599,-0.023661,-0.506033,0.495359,0.437073,-0.237816,0.26559,0.264239
0.389811,-2.758553,0.782059,-0.013149,-0.003893,0.013375,0.999817,-0.113711,0.040609,0.055755,0.264458,-0.144949,-0.007386,-0.188186,-0.062853,-0.049147,0.342185,-0.04892,0.029779,0.033326,-0.078342,0.279084,0.038442,0.370534,-0.149583,0.423345,-0.059545,0.348471,0.047137,-0.098501,-0.538995,0.553072,0.307414,-0.23632,0.243449,0.233255
0.383068,-2.757637,0.780656,-0.014164,-0.000849,0.007144,0.999874,-0.140864,0.046776,0.065678,0.289258,-0.147749,-0.012129,-0.237709,-0.059156,-0.030154,0.391846,-0.029219,0.063845,0.04028,-0.088819,0.33326,-0.022004,0.344844,-0.167299,0.357418,-0.134512,0.322743,0.098175,-0.193832,-0.564282,0.616226,0.188813,-0.233173,0.22034,0.206377
0.376374,-2.757958,0.778962,-0.015289,0.007322,0.005401,0.999842,-0.181416,0.052254,0.066601,0.314313,-0.149643,-0.020971,-0.292851,-0.058196,-0.010299,0.427794,-0.03848,0.100039,0.038751,-0.092912,0.379916,-0.085609,0.302377,-0.186267,0.301493,-0.207222,0.29367,0.146589,-0.31389,-0.581286,0.681668,0.092855,-0.226209,0.19501,0.185219
0.370418,-2.759519,0.77775,-0.018226,0.018959,0.00649,0.999633,-0.22659,0.060196,0.058632,0.331358,-0.14682,-0.031987,-0.345088,-0.068889,0.002453,0.431578,-0.056776,0.105577,0.035052,-0.08939,0.415578,-0.142975,0.253942,-0.201562,0.252552,-0.258243,0.2646,0.178384,-0.435296,-0.590726,0.738028,0.025274,-0.227087,0.174717,0.168368
0.365421,-2.762693,0.777235,-0.021966,0.032588,0.010124,0.999176,-0.272622,0.069404,0.046481,0.340409,-0.1367,-0.039325,-0.389014,-0.098281,0.000238,0.402914,-0.047134,0.079661,0.030959,-0.08133,0.44792,-0.196119,0.206579,-0.205726,0.211707,-0.289526,0.228914,0.203722,-0.547564,-0.60106,0.77012,-0.013462,-0.239219,0.173708,0.149013
0.361621,-2.768252,0.776743,-0.026822,0.047457,0.016793,0.998372,-0.31974,0.080941,0.02628,0.345305,-0.124796,-0.048785,-0.426523,-0.134616,-0.007278,0.356384,-0.034074,0.039525,0.029117,-0.068149,0.48147,-0.242121,0.146599,-0.201453,0.181793,-0.32099,0.181164,0.238257,-0.633707,-0.614,0.768663,-0.022386,-0.252727,0.178374,0.117617
0.358888,-2.776395,0.775271,-0.031763,0.067792,0.026745,0.996835,-0.381343,0.091741,-0.001984,0.352531,-0.113707,-0.063701,-0.471354,-0.164994,-0.00301,0.30391,-0.025581,0.01705,0.028014,-0.051628,0.503446,-0.272133,0.075289,-0.205554,0.159604,-0.365198,0.140113,0.271617,-0.686668,-0.625124,0.7424,0.000548,-0.25532,0.184379,0.067665
0.356027,-2.787367,0.772107,-0.03438,0.093327,0.0384,0.994301,-0.460846,0.097144,-0.033265,0.36804,-0.101676,-0.081306,-0.526213,-0.192477,0.004086,0.253466,-0.017637,0.013068,0.032562,-0.034604,0.518038,-0.295326,0.008982,-0.232692,0.137891,-0.420209,0.100532,0.287754,-0.725632,-0.639913,0.706896,0.05021,-0.247125,0.191036,-0.025986
0.353835,-2.800793,0.766619,-0.034395,0.12695,0.046702,0.990212,-0.560037,0.101018,-0.05903,0.389221,-0.093093,-0.107093,-0.600948,-0.221134,-0.016123,0.21842,-0.01645,0.018622,0.049352,-0.018683,0.52,-0.322491,-0.03158,-0.273869,0.116377,-0.459181,0.06915,0.279344,-0.783998,-0.663765,0.689762,0.140505,-0.238761,0.1898,-0.146271
0.351417,-2.817763,0.758499,-0.028674,0.160738,0.05064,0.98528,-0.66121,0.10222,-0.073374,0.41808,-0.08966,-0.135338,-0.675922,-0.25403,-0.070454,0.203451,0.026844,0.08432,0.074706,-0.015197,0.52,-0.345664,-0.043987,-0.310988,0.096438,-0.478159,0.049262,0.259515,-0.871346,-0.690472,0.702454,0.271029,-0.253786,0.198418,-0.247213
0.348806,-2.83796,0.746384,-0.019122,0.198662,0.058492,0.978134,-0.785702,0.093065,-0.091561,0.469458,-0.089752,-0.164142,-0.77151,-0.285639,-0.106456,0.198195,0.138699,0.182863,0.091919,-0.015093,0.52,-0.370602,-0.05234,-0.34451,0.068332,-0.495951,0.04402,0.250326,-0.992621,-0.700302,0.741578,0.460179,-0.257376,0.210627,-0.344005
0.347604,-2.858334,0.733465,-0.01101,0.233742,0.067938,0.96986,-0.898506,0.083591,-0.114562,0.512605,-0.090862,-0.193903,-0.890478,-0.29291,-0.090658,0.249699,0.182711,0.20742,0.108369,-0.009348,0.52,-0.390389,-0.061042,-0.372491,0.028409,-0.518015,0.059505,0.26366,-1.099142,-0.69047,0.779954,0.652745,-0.223145,0.227368,-0.393491
0.347406,-2.875929,0.720006,-0.008347,0.26907,0.065369,0.960863,-1.011256,0.098285,-0.126245,0.567748,-0.112379,-0.222499,-1.04537,-0.285465,-0.078004,0.375978,0.142747,0.212268,0.146475,0.003198,0.52,-0.416873,-0.066547,-0.394704,-0.030512,-0.537486,0.089841,0.293874,-1.208677,-0.683627,0.826532,0.838556,-0.159776,0.233814,-0.436395
0.349959,-2.891826,0.704184,-0.002901,0.29967,0.062317,0.952001,-1.11445,0.111349,-0.129212,0.637874,-0.146379,-0.252346,-1.192474,-0.279805,-0.063599,0.514077,0.088052,0.19756,0.191638,0.008222,0.52,-0.446104,-0.051673,-0.421835,-0.096875,-0.550721,0.13268,0.333497,-1.306766,-0.687047,0.889628,1.016271,-0.097287,0.229193,-0.43953
0.353554,-2.903972,0.686594,0.004232,0.32775,0.062672,0.942674,-1.218107,0.109704,-0.12671,0.722286,-0.178658,-0.2618,-1.33788,-0.281392,-0.040828,0.661578,0.03133,0.17559,0.231254,0.016816,0.52,-0.467001,-0.03446,-0.452707,-0.166909,-0.553338,0.15391,0.362418,-1.398497,-0.709554,0.972216,1.172462,-0.05593,0.229046,-0.37568
0.357829,-2.912826,0.669074,0.009637,0.352531,0.064988,0.933491,-1.315512,0.103792,-0.125901,0.809131,-0.211379,-0.2618,-1.469907,-0.28526,-0.019597,0.798525,-0.013372,0.151852,0.260218,0.034541,0.52,-0.473292,-0.026133,-0.47996,-0.233682,-0.551694,0.157813,0.366833,-1.479077,-0.742813,1.05407,1.291073,-0.022874,0.235413,-0.265702
0.362429,-2.919314,0.652695,0.011864,0.370588,0.067325,0.926278,-1.395028,0.101213,-0.129619,0.890962,-0.249197,-0.2618,-1.57,-0.286983,-0.007054,0.909645,-0.052377,0.132299,0.282391,0.059808,0.52,-0.467122,-0.021528,-0.500126,-0.292168,-0.551801,0.17224,0.361804,-1.546394,-0.777669,1.133386,1.375436,0.006827,0.245742,-0.139691
0.366397,-2.922792,0.64144,0.001517,0.361683,0.070657,0.929619,-1.420471,0.104363,-0.161255,0.977902,-0.293359,-0.2618,-1.57,-0.286901,-0.0332,0.980218,-0.095826,0.112514,0.303957,0.116613,0.52,-0.416198,-0.017765,-0.523882,-0.32885,-0.5519,0.188535,0.350124,-1.559284,-0.799142,1.192341,1.429743,0.02885,0.258181,-0.03656
0.369383,-2.924668,0.631195,-0.007858,0.35327,0.07239,0.932683,-1.442355,0.106795,-0.18983,1.05512,-0.331691,-0.2618,-1.57,-0.286318,-0.055126,1.042785,-0.13361,0.096205,0.320935,0.168176,0.52,-0.358968,-0.017683,-0.556657,-0.355025,-0.560184,0.200499,0.354508,-1.570377,-0.819956,1.23465,1.464195,0.042294,0.273564,0.034236
0.371776,-2.92499,0.623757,-0.015609,0.348873,0.073144,0.934181,-1.459808,0.109053,-0.211155,1.107586,-0.360459,-0.2618,-1.57,-0.285579,-0.071791,1.082018,-0.160042,0.088467,0.332192,0.209906,0.52,-0.319589,-0.024126,-0.587144,-0.366896,-0.567092,0.203571,0.362412,-1.581652,-0.835735,1.265125,1.481937,0.042545,0.286336,0.06263
0.373993,-2.924853,0.620011,-0.021298,0.34863,0.073468,0.934134,-1.473776,0.11076,-0.226181,1.135822,-0.373888,-0.2618,-1.57,-0.286075,-0.086468,1.098939,-0.172295,0.084165,0.338023,0.237623,0.52,-0.298507,-0.03387,-0.614246,-0.370055,-0.569255,0.190554,0.368211,-1.592667,-0.845238,1.299489,1.486677,0.031905,0.299919,0.069099
0.375602,-2.924316,0.620616,-0.024156,0.351806,0.072755,0.932929,-1.480529,0.113121,-0.23286,1.137238,-0.372426,-0.2618,-1.57,-0.284635,-0.095155,1.093461,-0.169155,0.079149,0.342401,0.253027,0.52,-0.291003,-0.035694,-0.638514,-0.366797,-0.568453,0.187984,0.36729,-1.60102,-0.850775,1.349979,1.483192,0.008683,0.318923,0.082588
0.376755,-2.922962,0.626455,-0.024395,0.360481,0.071478,0.929704,-1.481121,0.11435,-0.230683,1.1043,-0.351083,-0.2618,-1.57,-0.283322,-0.100726,1.05621,-0.144763,0.074841,0.33912,0.249201,0.52,-0.301391,-0.036004,-0.640002,-0.355451,-0.571363,0.205604,0.360637,-1.61088,-0.849736,1.389184,1.46773,-0.014427,0.333715,0.081713
0.377999,-2.920974,0.636789,-0.017433,0.371855,0.063856,0.925928,-1.465366,0.123052,-0.207009,1.041618,-0.31864,-0.2618,-1.57,-0.27122,-0.087389,0.993619,-0.103075,0.074734,0.324281,0.219519,0.52,-0.306415,-0.054184,-0.612489,-0.347647,-0.569595,0.229466,0.353145,-1.631251,-0.84182,1.374134,1.431387,-0.004813,0.325724,0.038592
0.378797,-2.918719,0.650375,-0.007502,0.386749,0.056737,0.920408,-1.440909,0.128735,-0.173967,0.947218,-0.271549,-0.2618,-1.57,-0.262025,-0.06955,0.908902,-0.046087,0.073566,0.296913,0.174868,0.52,-0.323414,-0.071019,-0.566679,-0.340005,-0.56184,0.238336,0.347595,-1.648765,-0.83206,1.270312,1.382333,0.052705,0.281532,-0.04072
0.37914,-2.916707,0.665459,0.005869,0.402291,0.050069,0.914123,-1.405824,0.132491,-0.1286,0.828606,-0.21185,-0.2618,-1.57,-0.255749,-0.044081,0.815971,0.015299,0.07288,0.250832,0.108187,0.52,-0.353986,-0.067313,-0.504792,-0.326004,-0.546845,0.237564,0.341771,-1.62492,-0.805764,1.078014,1.293365,0.143206,0.189867,-0.168647
0.380235,-2.915239,0.680151,0.018147,0.412838,0.045345,0.909494,-1.359435,0.131057,-0.090237,0.708172,-0.15047,-0.2618,-1.561578,-0.253459,-0.020699,0.735531,0.066841,0.073313,0.192558,0.036218,0.52,-0.3851,-0.053872,-0.441575,-0.305804,-0.533513,0.218317,0.343233,-1.558815,-0.753848,0.881106,1.144885,0.202907,0.081837,-0.308631
0.382826,-2.910464,0.696055,0.021615,0.399098,0.041337,0.915721,-1.264418,0.12944,-0.064976,0.603774,-0.115592,-0.2618,-1.474574,-0.251819,-0.015604,0.639296,0.102598,0.097172,0.143283,-0.01455,0.52,-0.38933,-0.028709,-0.388161,-0.263305,-0.516733,0.192201,0.353211,-1.40157,-0.669392,0.698825,0.919065,0.224236,-0.000637,-0.519148
0.384868,-2.906285,0.71082,0.019787,0.378033,0.039527,0.924736,-1.163806,0.132088,-0.057699,0.510761,-0.079239,-0.2618,-1.368718,-0.249501,-0.025067,0.544463,0.139328,0.108162,0.109516,-0.033148,0.52,-0.384931,-0.020675,-0.354784,-0.217945,-0.498745,0.159616,0.364518,-1.242492,-0.58404,0.585216,0.683182,0.234169,-0.016248,-0.650041
0.387096,-2.902178,0.723414,0.017659,0.355815,0.037379,0.933642,-1.068337,0.136164,-0.054664,0.432364,-0.046447,-0.2618,-1.26628,-0.245677,-0.034045,0.459395,0.172104,0.110668,0.083808,-0.045236,0.52,-0.382545,-0.005127,-0.331549,-0.175865,-0.488077,0.173779,0.360847,-1.104992,-0.510562,0.534257,0.457446,0.232388,-0.003513,-0.714187
0.38848,-2.898953,0.73393,0.01582,0.332358,0.03342,0.942428,-0.971819,0.14575,-0.048725,0.356639,-0.020126,-0.2618,-1.166805,-0.237581,-0.040624,0.379549,0.201762,0.110993,0.067935,-0.060135,0.52,-0.382954,0.001641,-0.31161,-0.133596,-0.477574,0.177799,0.359101,-0.970801,-0.453603,0.526396,0.235051,0.228768,0.05152,-0.744919
0.390652,-2.896141,0.742095,0.013312,0.310346,0.029373,0.950077,-0.887019,0.156735,-0.043572,0.300411,-0.004219,-0.261579,-1.078928,-0.227979,-0.046894,0.31751,0.221358,0.107169,0.054461,-0.072737,0.52,-0.381,0.003948,-0.302051,-0.106948,-0.474881,0.180145,0.362232,-0.896609,-0.429909,0.550827,0.085601,0.204164,0.105693,-0.736222
0.392185,-2.891555,0.74864,0.01359,0.289188,0.022539,0.956911,-0.806213,0.16035,-0.024224,0.252966,0.006479,-0.247187,-1.003247,-0.220742,-0.039469,0.265082,0.243123,0.10592,0.043229,-0.09245,0.52,-0.376445,-0.001005,-0.293375,-0.090046,-0.469628,0.176063,0.352713,-0.84481,-0.446234,0.590538,-0.067999,0.132495,0.19288,-0.710282
0.393277,-2.887838,0.75329,0.013255,0.271718,0.018759,0.962103,-0.743944,0.160851,-0.012338,0.219576,0.012869,-0.235349,-0.944872,-0.217381,-0.035554,0.230929,0.258575,0.105272,0.033163,-0.107673,0.52,-0.36821,-0.00934,-0.298211,-0.087759,-0.473309,0.171274,0.350382,-0.857093,-0.501482,0.626724,-0.155673,0.028734,0.27505,-0.671206
0.394024,-2.885429,0.756044,0.012822,0.258855,0.017041,0.965681,-0.698799,0.160605,-0.005011,0.194619,0.016847,-0.229116,-0.902444,-0.215627,-0.033286,0.208404,0.26447,0.104185,0.025882,-0.117146,0.52,-0.361081,-0.013351,-0.31209,-0.093009,-0.478105,0.171714,0.352502,-0.890855,-0.558985,0.65694,-0.198972,-0.069234,0.348998,-0.646292
0.39429,-2.884118,0.757574,0.012381,0.250576,0.017386,0.967862,-0.669626,0.159384,-0.003071,0.176108,0.019949,-0.224755,-0.87376,-0.21629,-0.034515,0.192852,0.264941,0.105787,0.021083,-0.122644,0.52,-0.346237,-0.023776,-0.334836,-0.098689,-0.497926,0.175435,0.38772,-0.926523,-0.604121,0.68961,-0.216794,-0.143088,0.405425,-0.630204
0.394409,-2.884103,0.758133,0.01199,0.247253,0.018807,0.968694,-0.655013,0.158351,-0.004503,0.160658,0.025466,-0.223286,-0.860286,-0.217285,-0.037929,0.184421,0.265121,0.107302,0.018803,-0.128103,0.52,-0.319996,-0.055454,-0.357172,-0.097006,-0.547806,0.174435,0.492044,-0.954305,-0.642566,0.718811,-0.229579,-0.193617,0.439489,-0.625195
0.394058,-2.88497,0.75796,0.01131,0.248905,0.020955,0.968235,-0.655363,0.158471,-0.008142,0.148954,0.032439,-0.224623,-0.860213,-0.217759,-0.041724,0.179104,0.264944,0.108983,0.013127,-0.12702,0.52,-0.28525,-0.07979,-0.382193,-0.09576,-0.608197,0.191112,0.572724,-0.959965,-0.663134,0.742731,-0.240446,-0.20496,0.452392,-0.6205
0.393721,-2.886464,0.757273,0.010414,0.25318,0.022838,0.967093,-0.661685,0.160252,-0.012523,0.136751,0.040173,-0.229777,-0.867347,-0.216975,-0.046302,0.175399,0.265591,0.110987,0.008648,-0.128931,0.52,-0.259475,-0.110508,-0.397712,-0.097301,-0.663113,0.197787,0.633255,-0.965704,-0.683509,0.752264,-0.247006,-0.20901,0.449543,-0.612006
0.39262,-2.888366,0.756157,0.009444,0.262317,0.026282,0.964578,-0.682669,0.160393,-0.020759,0.125841,0.053997,-0.234183,-0.887334,-0.217782,-0.05208,0.173268,0.269841,0.111024,0.001929,-0.129928,0.52,-0.233059,-0.170342,-0.41759,-0.100447,-0.717803,0.161077,0.688583,-0.963852,-0.699999,0.750097,-0.261616,-0.21295,0.41498,-0.595158
0.391751,-2.891844,0.753632,0.009004,0.274767,0.024935,0.961145,-0.713017,0.167463,-0.023151,0.125135,0.054109,-0.247029,-0.922338,-0.211781,-0.051966,0.180537,0.267062,0.11427,0.005766,-0.129589,0.52,-0.220702,-0.210819,-0.432226,-0.120595,-0.755081,0.125213,0.696856,-0.95185,-0.722536,0.732549,-0.277321,-0.22302,0.325045,-0.627026
0.390332,-2.8948,0.750207,0.0099,0.287602,0.023026,0.957422,-0.751472,0.171006,-0.023023,0.140632,0.04346,-0.2618,-0.967187,-0.207604,-0.046211,0.202165,0.258072,0.117,0.021865,-0.130335,0.52,-0.241573,-0.233278,-0.42283,-0.148417,-0.75444,0.082778,0.653394,-0.952886,-0.761334,0.704286,-0.255031,-0.255503,0.214561,-0.689157
0.388765,-2.896311,0.745262,0.013578,0.302147,0.020678,0.95294,-0.805902,0.163801,-0.014772,0.183861,0.016408,-0.2618,-1.027125,-0.209434,-0.033307,0.243049,0.237131,0.127114,0.049053,-0.129824,0.52,-0.288507,-0.231739,-0.399522,-0.163189,-0.739546,0.053128,0.576737,-0.997043,-0.820281,0.686821,-0.15641,-0.2832,0.147316,-0.775744
0.386961,-2.89807,0.737629,0.018346,0.316507,0.019179,0.948219,-0.880094,0.153667,-0.008811,0.267316,-0.029024,-0.2618,-1.100459,-0.213663,-0.018877,0.310805,0.198543,0.139194,0.076879,-0.126646,0.52,-0.328777,-0.209795,-0.381597,-0.176971,-0.725065,0.029416,0.510216,-1.089375,-0.868376,0.72099,0.012255,-0.303921,0.114559,-0.84269
0.38504,-2.90102,0.725662,0.023749,0.330238,0.019859,0.94339,-0.97612,0.144854,-0.008608,0.395738,-0.090473,-0.2618,-1.190799,-0.220975,-0.00477,0.414565,0.140924,0.148845,0.097247,-0.118743,0.52,-0.356473,-0.184714,-0.374945,-0.193816,-0.719178,0.016264,0.475075,-1.219172,-0.884161,0.80945,0.250623,-0.283286,0.126243,-0.849825
0.382806,-2.904867,0.709484,0.028042,0.34674,0.023961,0.937236,-1.087599,0.13862,-0.016532,0.535378,-0.150898,-0.2618,-1.299536,-0.231344,0.006191,0.541217,0.075538,0.152835,0.113281,-0.100293,0.52,-0.377697,-0.168445,-0.379849,-0.223442,-0.721316,0.023708,0.456286,-1.360712,-0.85738,0.942517,0.538113,-0.194153,0.18177,-0.796463
0.381597,-2.908022,0.691124,0.031854,0.362573,0.02908,0.930957,-1.195257,0.13072,-0.0263,0.669817,-0.20366,-0.2618,-1.411306,-0.241881,0.020817,0.675004,0.01637,0.150674,0.139447,-0.068502,0.52,-0.400764,-0.159407,-0.387917,-0.243738,-0.716894,0.045314,0.454139,-1.461517,-0.809449,1.0512,0.855979,-0.094737,0.2667,-0.61269
0.38129,-2.910533,0.67146,0.034446,0.380073,0.03337,0.923712,-1.301663,0.124772,-0.036587,0.794796,-0.252229,-0.2618,-1.525196,-0.248874,0.036914,0.802946,-0.03563,0.141001,0.161314,-0.03905,0.52,-0.42482,-0.154029,-0.387609,-0.267526,-0.710348,0.068741,0.467704,-1.524315,-0.7774,1.101089,1.115523,-0.042153,0.291841,-0.338179
0.381862,-2.911718,0.654289,0.02615,0.379383,0.03807,0.924086,-1.368528,0.127175,-0.065801,0.9191,-0.305688,-0.2618,-1.57,-0.253739,0.023376,0.902455,-0.083308,0.131913,0.18219,0.012426,0.52,-0.410637,-0.157061,-0.393972,-0.291935,-0.711024,0.088155,0.49449,-1.544938,-0.768685,1.141099,1.283123,0.002934,0.293627,-0.104826
0.381903,-2.91117,0.638784,0.010676,0.364861,0.042005,0.930053,-1.408823,0.132156,-0.111941,1.044576,-0.35815,-0.2618,-1.57,-0.257225,-0.00672,0.989435,-0.125838,0.119586,0.201774,0.078118,0.52,-0.371902,-0.167158,-0.417821,-0.311834,-0.708142,0.080882,0.523178,-1.538835,-0.776079,1.194013,1.371461,0.02396,0.30866,0.053088
0.381082,-2.909888,0.6238,-0.00465,0.350416,0.045633,0.93547,-1.444249,0.13541,-0.157001,1.154574,-0.401815,-0.2618,-1.57,-0.262396,-0.036403,1.072159,-0.162342,0.102859,0.217446,0.140385,0.52,-0.32975,-0.170211,-0.455137,-0.328598,-0.71135,0.079437,0.540078,-1.532737,-0.790021,1.25795,1.416868,0.016763,0.326118,0.119793
0.381069,-2.908766,0.61114,-0.017195,0.339186,0.047287,0.939373,-1.471887,0.138658,-0.194697,1.241777,-0.4371,-0.2618,-1.57,-0.265435,-0.060803,1.137912,-0.192929,0.088582,0.231599,0.192199,0.52,-0.291568,-0.159487,-0.490932,-0.33968,-0.72418,0.106412,0.555708,-1.530054,-0.803286,1.310067,1.442378,-0.001544,0.344689,0.140032
0.382324,-2.90727,0.601161,-0.027152,0.330698,0.047716,0.942138,-1.492882,0.140114,-0.223648,1.312393,-0.462933,-0.2618,-1.57,-0.268921,-0.080834,1.191181,-0.217639,0.078251,0.2447,0.227477,0.52,-0.259881,-0.147272,-0.525775,-0.350565,-0.724184,0.116125,0.579151,-1.528097,-0.810895,1.376124,1.450164,-0.043199,0.370805,0.125929
0.381931,-2.908425,0.596291,-0.035498,0.328907,0.051642,0.942281,-1.512896,0.138949,-0.248427,1.339315,-0.467598,-0.2618,-1.57,-0.273144,-0.100444,1.210079,-0.225339,0.076287,0.254277,0.236815,0.52,-0.249269,-0.136435,-0.552964,-0.352553,-0.715484,0.089603,0.596836,-1.519149,-0.816238,1.4,1.448446,-0.084018,0.385029,0.096168
0.375517,-2.912663,0.596174,-0.041842,0.329845,0.05927,0.941243,-1.534283,0.127301,-0.269031,1.335401,-0.442402,-0.2618,-1.57,-0.28286,-0.125149,1.193136,-0.200654,0.064794,0.257133,0.244196,0.52,-0.257968,-0.135288,-0.561919,-0.346899,-0.715299,0.070637,0.604178,-1.511042,-0.823867,1.4,1.446859,-0.110027,0.391679,0.083003
0.376769,-2.913368,0.600933,-0.039264,0.333475,0.056321,0.940256,-1.526941,0.13568,-0.259615,1.311925,-0.428933,-0.2618,-1.57,-0.278147,-0.126579,1.181834,-0.192895,0.054678,0.266668,0.226572,0.52,-0.251412,-0.128128,-0.587004,-0.341152,-0.680331,0.006633,0.61664,-1.502293,-0.830597,1.4,1.438923,-0.155724,0.411425,0.066927
0.376567,-2.912614,0.610843,-0.03347,0.341642,0.053709,0.937697,-1.512061,0.140765,-0.238199,1.25546,-0.401303,-0.2618,-1.57,-0.271093,-0.114146,1.131553,-0.154442,0.054541,0.264553,0.221193,0.52,-0.284102,-0.129923,-0.58105,-0.328101,-0.643918,-0.04102,0.627833,-1.529892,-0.844907,1.4,1.432712,-0.155388,0.41497,0.071215
0.375719,-2.91173,0.62436,-0.024367,0.354587,0.050217,0.933356,-1.490866,0.145404,-0.205611,1.168833,-0.361294,-0.2618,-1.57,-0.262527,-0.095821,1.053971,-0.105218,0.056348,0.246708,0.21511,0.52,-0.336431,-0.152575,-0.548909,-0.304811,-0.612934,-0.073134,0.636609,-1.589252,-0.852266,1.4,1.414959,-0.108317,0.400005,0.076176
0.374816,-2.911019,0.639934,-0.012136,0.370413,0.046426,0.927627,-1.463139,0.146291,-0.165054,1.059238,-0.308062,-0.2618,-1.57,-0.254954,-0.071828,0.960341,-0.04852,0.059188,0.2201,0.19632,0.52,-0.387508,-0.091666,-0.496392,-0.273259,-0.636564,0.026586,0.618921,-1.646467,-0.851648,1.361905,1.378915,-0.04281,0.371735,0.06696
0.374126,-2.910559,0.656272,0.003167,0.3869,0.0419,0.921164,-1.426517,0.144096,-0.118867,0.932639,-0.246142,-0.2618,-1.57,-0.248611,-0.040929,0.860597,0.011975,0.062426,0.178023,0.147345,0.52,-0.45608,-0.067793,-0.415754,-0.257211,-0.641179,0.110655,0.607424,-1.670335,-0.830896,1.23097,1.311222,0.037975,0.329551,0.024872
0.374004,-2.910328,0.671703,0.019483,0.401293,0.037951,0.914956,-1.382283,0.137242,-0.074567,0.80032,-0.181155,-0.2618,-1.57,-0.246879,-0.008652,0.772272,0.063467,0.066615,0.122671,0.095287,0.52,-0.503717,-0.053129,-0.350694,-0.237705,-0.632859,0.155429,0.606913,-1.66586,-0.794867,1.060046,1.201101,0.115153,0.276617,-0.039632
0.374997,-2.90975,0.688437,0.028066,0.398072,0.032954,0.916332,-1.304926,0.136766,-0.048695,0.677959,-0.124574,-0.2618,-1.51216,-0.241305,0.004871,0.671605,0.109622,0.072442,0.061274,0.048215,0.52,-0.524043,-0.052765,-0.291644,-0.203174,-0.626636,0.183145,0.616111,-1.566928,-0.724494,0.834731,1.015585,0.195126,0.217473,-0.142305
0.378414,-2.906868,0.705632,0.03382,0.377398,0.023761,0.925128,-1.184526,0.138692,-0.018882,0.56335,-0.085454,-0.2618,-1.403629,-0.232916,0.014311,0.562577,0.150364,0.093506,0.021734,0.008191,0.52,-0.504562,-0.065008,-0.266661,-0.157748,-0.615147,0.176546,0.639286,-1.353833,-0.591598,0.592477,0.761672,0.277256,0.159551,-0.254744
0.389264,-2.90195,0.720795,0.038555,0.353823,0.011692,0.934444,-1.049237,0.142604,0.016649,0.457823,-0.069444,-0.2618,-1.289566,-0.223615,0.030281,0.474014,0.16761,0.115646,-0.001234,-0.026134,0.52,-0.471171,-0.074189,-0.273813,-0.124421,-0.609211,0.164899,0.645717,-1.154305,-0.425283,0.461261,0.52305,0.321213,0.11697,-0.281404
0.391466,-2.903649,0.732813,0.038414,0.33225,0.003112,0.942404,-0.947954,0.156939,0.025761,0.370454,-0.028613,-0.2618,-1.194501,-0.208781,0.027694,0.392484,0.202262,0.112545,-0.019795,-0.048397,0.52,-0.444009,-0.057235,-0.285786,-0.109507,-0.600886,0.182226,0.622032,-0.997824,-0.285876,0.433458,0.315314,0.32946,0.104187,-0.267184
0.397213,-2.905109,0.741673,0.040996,0.305206,-0.017558,0.951241,-0.82277,0.176639,0.069024,0.293292,-0.020616,-0.2618,-1.10076,-0.17862,0.045159,0.333952,0.220937,0.104273,-0.016065,-0.103487,0.52,-0.411119,-0.004703,-0.282163,-0.101144,-0.569561,0.20009,0.585243,-0.839038,-0.194365,0.467659,0.093734,0.27635,0.170284,-0.247713
0.399627,-2.907108,0.748714,0.038865,0.282397,-0.024046,0.958208,-0.734377,0.189665,0.0801,0.237467,0.004707,-0.2618,-1.0222,-0.165777,0.0437,0.291231,0.235065,0.093046,-0.031526,-0.125052,0.52,-0.406471,0.029422,-0.26436,-0.089462,-0.519323,0.200838,0.531625,-0.762973,-0.191297,0.512662,-0.042041,0.201542,0.255695,-0.224704
0.398444,-2.907861,0.754151,0.035171,0.262813,-0.022723,0.963938,-0.674678,0.196348,0.074072,0.201136,0.031275,-0.249937,-0.955454,-0.16417,0.03276,0.253302,0.248904,0.09011,-0.059617,-0.132837,0.52,-0.404671,0.031999,-0.243761,-0.079695,-0.472428,0.18515,0.439542,-0.743482,-0.247192,0.558105,-0.138418,0.095751,0.359654,-0.197484
0.397686,-2.906829,0.757923,0.034184,0.247974,-0.021587,0.967923,-0.633093,0.192704,0.073476,0.182313,0.043998,-0.229034,-0.907093,-0.167414,0.029059,0.227405,0.256973,0.092612,-0.080139,-0.139727,0.52,-0.398771,0.02096,-0.241928,-0.079301,-0.445169,0.163047,0.338244,-0.758298,-0.313464,0.597243,-0.186068,-0.012766,0.450798,-0.156205
0.398093,-2.907152,0.759604,0.033859,0.237362,-0.025782,0.970489,-0.596118,0.196104,0.082421,0.166162,0.041664,-0.222868,-0.875189,-0.161487,0.031459,0.212701,0.255733,0.094265,-0.080643,-0.148349,0.52,-0.379827,0.014137,-0.252535,-0.088003,-0.438505,0.134137,0.288879,-0.74777,-0.33245,0.624622,-0.199023,-0.050349,0.471034,-0.158225
0.400143,-2.909402,0.759773,0.032988,0.231874,-0.031713,0.971669,-0.565336,0.205981,0.094498,0.146145,0.038221,-0.235103,-0.858959,-0.148805,0.03571,0.2085,0.251443,0.087942,-0.068457,-0.151996,0.52,-0.344629,-0.002652,-0.260162,-0.088321,-0.452613,0.102327,0.338447,-0.736434,-0.331455,0.638944,-0.205232,-0.044965,0.462996,-0.189846
0.398798,-2.910399,0.759847,0.032823,0.229835,-0.032869,0.97212,-0.556915,0.208449,0.096368,0.136058,0.044617,-0.235268,-0.853199,-0.14549,0.03616,0.202152,0.253105,0.08765,-0.062688,-0.151941,0.52,-0.297279,-0.058515,-0.282204,-0.092502,-0.498939,0.049,0.469983,-0.757042,-0.34488,0.656722,-0.204609,-0.05215,0.447858,-0.193434
0.397158,-2.911413,0.759264,0.033378,0.230398,-0.032223,0.97199,-0.560397,0.208143,0.094391,0.13463,0.046654,-0.236642,-0.854888,-0.145739,0.035552,0.198855,0.252643,0.089587,-0.058784,-0.153603,0.52,-0.259209,-0.136244,-0.302375,-0.098593,-0.544729,-0.006459,0.603393,-0.785051,-0.354894,0.67075,-0.202944,-0.061223,0.429422,-0.192834
0.394673,-2.912468,0.75767,0.034175,0.2344,-0.031305,0.971035,-0.573613,0.207851,0.091507,0.134146,0.046039,-0.242921,-0.867162,-0.146127,0.035523,0.198031,0.252044,0.092963,-0.054982,-0.153815,0.52,-0.227986,-0.209778,-0.326704,-0.106522,-0.589232,-0.040185,0.688437,-0.81543,-0.364878,0.681261,-0.198558,-0.069711,0.405311,-0.18982
0.391388,-2.913263,0.755219,0.035571,0.241089,-0.03035,0.969376,-0.595886,0.206293,0.087768,0.137033,0.043038,-0.252686,-0.889747,-0.147265,0.037497,0.202073,0.250165,0.097684,-0.049406,-0.152566,0.52,-0.208337,-0.266629,-0.348392,-0.115977,-0.624106,-0.069947,0.747189,-0.850734,-0.386016,0.69392,-0.196087,-0.075455,0.356505,-0.194436
0.386634,-2.912863,0.751262,0.037909,0.253978,-0.029538,0.966015,-0.643915,0.201692,0.085352,0.158855,0.028539,-0.2618,-0.93767,-0.150035,0.043245,0.221629,0.242854,0.105583,-0.042831,-0.144756,0.52,-0.207861,-0.300063,-0.372194,-0.129034,-0.627709,-0.113739,0.795729,-0.905993,-0.444422,0.70761,-0.189285,-0.106587,0.20514,-0.221258
0.382517,-2.911447,0.745913,0.040958,0.270879,-0.024662,0.961425,-0.712434,0.187864,0.080407,0.200519,0.002527,-0.2618,-1.000806,-0.160266,0.049446,0.257017,0.224054,0.112529,-0.040388,-0.12545,0.52,-0.235691,-0.282006,-0.380399,-0.138729,-0.598282,-0.135585,0.830677,-0.964224,-0.536309,0.715426,-0.162485,-0.187452,-0.056932,-0.341956
0.376851,-2.908682,0.738807,0.043777,0.286395,-0.015425,0.956987,-0.792813,0.167879,0.069016,0.262697,-0.030146,-0.2618,-1.069237,-0.178794,0.052262,0.307419,0.196261,0.121721,-0.041182,-0.098585,0.52,-0.27816,-0.245313,-0.368969,-0.130511,-0.589251,-0.111843,0.85682,-1.031012,-0.640789,0.730633,-0.111467,-0.303889,-0.201057,-0.556343
0.372249,-2.905295,0.727883,0.047138,0.301407,-0.011514,0.95226,-0.885194,0.152577,0.070009,0.364736,-0.089921,-0.2618,-1.155674,-0.189325,0.064453,0.391764,0.152447,0.132468,-0.029674,-0.084316,0.52,-0.301392,-0.23377,-0.365851,-0.118009,-0.614991,-0.086208,0.843241,-1.136693,-0.748983,0.77216,-0.012436,-0.458148,-0.226304,-0.816218
0.367105,-2.903754,0.713456,0.049478,0.319226,-0.000035,0.946386,-1.002583,0.136988,0.055488,0.491798,-0.137864,-0.2618,-1.256609,-0.209078,0.070483,0.494184,0.103041,0.140338,-0.025971,-0.053838,0.52,-0.319166,-0.229983,-0.38234,-0.120334,-0.628346,-0.080595,0.816592,-1.291977,-0.850448,0.866704,0.167574,-0.541184,-0.190825,-0.959066
0.362182,-2.903424,0.696662,0.05045,0.33512,0.004945,0.940811,-1.116038,0.136006,0.042587,0.625816,-0.187526,-0.2618,-1.359411,-0.214663,0.079808,0.602053,0.05903,0.144998,-0.003685,-0.03079,0.52,-0.325885,-0.209559,-0.406425,-0.139825,-0.641206,-0.06594,0.795769,-1.471844,-0.909005,1.033703,0.409274,-0.498365,-0.120715,-0.926987
0.358839,-2.903822,0.678245,0.051124,0.353186,0.006313,0.934134,-1.229442,0.140861,0.031666,0.755187,-0.23319,-0.2618,-1.468543,-0.211505,0.090867,0.709887,0.023742,0.141215,0.029739,-0.003159,0.52,-0.325486,-0.200002,-0.439744,-0.175238,-0.654949,-0.053195,0.777203,-1.663892,-0.906405,1.29213,0.703835,-0.374964,0.019337,-0.735641
0.35811,-2.905201,0.659812,0.051487,0.369272,0.006476,0.927871,-1.327913,0.148077,0.022143,0.871881,-0.275989,-0.2618,-1.567124,-0.205534,0.099397,0.811373,-0.00933,0.136541,0.0792,-0.005129,0.52,-0.32277,-0.150656,-0.475034,-0.208998,-0.662266,-0.037074,0.757609,-1.708276,-0.867661,1.4,0.97869,-0.347354,0.189883,-0.418089
0.358445,-2.906794,0.645811,0.037232,0.359815,0.006346,0.932259,-1.371945,0.167658,-0.020298,0.988043,-0.323611,-0.2618,-1.57,-0.197903,0.068433,0.876165,-0.040487,0.127419,0.143056,0.030281,0.52,-0.283268,-0.092077,-0.517817,-0.237533,-0.664111,-0.022598,0.730491,-1.622918,-0.838342,1.4,1.199618,-0.370505,0.284395,-0.117254
0.357282,-2.907737,0.631968,0.020415,0.348669,0.006535,0.937001,-1.41268,0.1843,-0.070901,1.09364,-0.365397,-0.2618,-1.57,-0.192089,0.029669,0.940534,-0.068562,0.113893,0.211133,0.088013,0.52,-0.250706,-0.035626,-0.564126,-0.263205,-0.645474,-0.017204,0.696066,-1.543046,-0.853566,1.4,1.348527,-0.413609,0.358699,0.108453
0.356358,-2.908369,0.619435,0.005477,0.338247,0.005703,0.941024,-1.446041,0.199986,-0.113499,1.183343,-0.401989,-0.2618,-1.57,-0.187013,-0.005903,0.999684,-0.096804,0.100796,0.264196,0.145373,0.52,-0.229891,0.026483,-0.595362,-0.276863,-0.607437,-0.009125,0.672199,-1.489021,-0.890123,1.4,1.421441,-0.440262,0.409552,0.217514
0.357073,-2.909567,0.609382,-0.005655,0.330404,0.004723,0.943811,-1.469621,0.211117,-0.147522,1.251678,-0.431637,-0.2618,-1.57,-0.184463,-0.034615,1.048715,-0.122883,0.091735,0.300676,0.17961,0.52,-0.210073,0.043623,-0.623738,-0.277322,-0.583024,-0.01903,0.667945,-1.447483,-0.917122,1.4,1.454229,-0.466453,0.445545,0.265345
0.357571,-2.912704,0.602914,-0.016745,0.329148,0.007738,0.944098,-1.497008,0.217931,-0.180071,1.28822,-0.441786,-0.2618,-1.57,-0.184159,-0.063622,1.071177,-0.136921,0.085725,0.32093,0.196352,0.52,-0.181136,0.076471,-0.669522,-0.265701,-0.610178,0.004183,0.657577,-1.421078,-0.935728,1.4,1.465669,-0.490909,0.466582,0.285526
0.352666,-2.918221,0.599236,-0.022061,0.326363,0.011416,0.944918,-1.515122,0.216381,-0.202123,1.303164,-0.435283,-0.2618,-1.57,-0.185658,-0.085857,1.075945,-0.133666,0.075288,0.327397,0.214258,0.52,-0.16863,0.08297,-0.692815,-0.263033,-0.639104,0.028884,0.654781,-1.412621,-0.951308,1.4,1.46815,-0.501127,0.476247,0.288126
0.35329,-2.919932,0.598355,-0.025052,0.325503,0.011495,0.945139,-1.519393,0.219429,-0.213509,1.311066,-0.436513,-0.2618,-1.57,-0.183942,-0.096348,1.0872,-0.140551,0.066655,0.330886,0.22312,0.52,-0.153084,0.086113,-0.710091,-0.273609,-0.673912,0.063554,0.65616,-1.425712,-0.966431,1.4,1.462532,-0.479972,0.476488,0.28945
0.35388,-2.92094,0.601755,-0.022758,0.328149,0.009869,0.9443,-1.512756,0.22236,-0.208523,1.293213,-0.428708,-0.2618,-1.57,-0.1793,-0.093142,1.074802,-0.132822,0.061066,0.319537,0.224718,0.52,-0.153927,0.080231,-0.705783,-0.292081,-0.68411,0.084582,0.666025,-1.461412,-0.973997,1.4,1.447992,-0.427452,0.456461,0.285423
0.353976,-2.920833,0.609632,-0.016949,0.336424,0.007456,0.941529,-1.501383,0.223016,-0.191783,1.245943,-0.407175,-0.2618,-1.57,-0.172717,-0.080019,1.029602,-0.104819,0.059976,0.284713,0.227557,0.52,-0.169018,0.049079,-0.676797,-0.302088,-0.665112,0.083297,0.676153,-1.546277,-0.968281,1.4,1.426738,-0.326091,0.415098,0.260724
0.354281,-2.919455,0.622039,-0.005624,0.351219,0.003181,0.936271,-1.481293,0.221689,-0.154018,1.163838,-0.373801,-0.2618,-1.57,-0.166153,-0.055046,0.949667,-0.059265,0.070877,0.228529,0.236125,0.52,-0.205283,-0.014015,-0.62071,-0.298378,-0.585013,0.030198,0.678398,-1.67544,-0.940113,1.399979,1.407751,-0.115395,0.350212,0.213639
0.355373,-2.918762,0.636754,0.004975,0.368728,0.002654,0.92952,-1.460181,0.214084,-0.121005,1.062185,-0.321898,-0.2618,-1.57,-0.165919,-0.033136,0.861336,-0.005229,0.073765,0.181304,0.210522,0.52,-0.255409,-0.033325,-0.573145,-0.284584,-0.53927,0.009914,0.658179,-1.717639,-0.916305,1.250813,1.371586,0.034148,0.282089,0.144291
0.356701,-2.918204,0.653624,0.021656,0.388118,0.001455,0.921354,-1.423922,0.202624,-0.069203,0.928934,-0.257899,-0.2618,-1.57,-0.169071,0.00071,0.758547,0.056057,0.081577,0.120574,0.141988,0.52,-0.315009,-0.021786,-0.49979,-0.266123,-0.497859,-0.004305,0.625345,-1.668142,-0.857611,0.946617,1.30477,0.218575,0.176068,0.05081
0.359823,-2.916478,0.670263,0.039558,0.403401,0.001334,0.914167,-1.371699,0.182534,-0.013081,0.785519,-0.191847,-0.2618,-1.57,-0.178605,0.040095,0.678305,0.103779,0.093884,0.050129,0.072785,0.52,-0.345431,-0.020459,-0.445354,-0.262439,-0.482414,-0.00727,0.608272,-1.579236,-0.752741,0.676749,1.179875,0.366208,0.065039,0.000214
0.362404,-2.915886,0.687072,0.046827,0.401871,0.001966,0.914496,-1.298513,0.169597,0.009712,0.661345,-0.130614,-0.2618,-1.522603,-0.18516,0.054169,0.598921,0.146093,0.094647,-0.009713,0.025678,0.52,-0.356937,-0.028489,-0.403991,-0.255708,-0.491896,0.003894,0.615459,-1.459313,-0.624933,0.510089,0.991324,0.424377,-0.025581,-0.056785
0.367292,-2.91256,0.704854,0.05028,0.379101,-0.000707,0.923988,-1.166038,0.15617,0.037253,0.527471,-0.085787,-0.2618,-1.408764,-0.192401,0.0595,0.499946,0.177339,0.114789,-0.038475,-0.013996,0.52,-0.338526,-0.041086,-0.380736,-0.231629,-0.508545,0.022187,0.646535,-1.245188,-0.478266,0.412396,0.725674,0.434233,-0.073326,-0.202021
0.372453,-2.912179,0.719119,0.052879,0.349527,-0.003279,0.935427,-1.034113,0.149726,0.052825,0.423369,-0.047127,-0.2618,-1.295638,-0.197579,0.061593,0.433615,0.192626,0.120888,-0.048812,-0.036503,0.52,-0.296433,-0.069906,-0.396612,-0.219919,-0.53041,0.012948,0.703276,-1.052629,-0.386904,0.417379,0.462901,0.390755,-0.043827,-0.346519
0.380289,-2.911814,0.731124,0.04985,0.321297,-0.005177,0.945651,-0.916492,0.155198,0.053123,0.342897,-0.01533,-0.2618,-1.187913,-0.197798,0.052311,0.3833,0.201516,0.118722,-0.053021,-0.044451,0.52,-0.259664,-0.065637,-0.427726,-0.222065,-0.536807,0.000801,0.74957,-0.910895,-0.345905,0.475911,0.251928,0.351983,0.003424,-0.449426
0.386502,-2.913625,0.740574,0.046959,0.289666,-0.01345,0.95588,-0.797118,0.170094,0.064111,0.279297,0.000571,-0.2618,-1.085868,-0.183267,0.047413,0.348555,0.20585,0.106892,-0.043859,-0.063452,0.52,-0.214168,-0.045477,-0.46328,-0.230997,-0.537852,-0.009293,0.795462,-0.788086,-0.326,0.562557,0.061484,0.323692,0.067576,-0.522436
0.393547,-2.916692,0.748135,0.041734,0.261246,-0.016426,0.96423,-0.696721,0.186973,0.063092,0.232903,0.01795,-0.2618,-0.993867,-0.171819,0.035114,0.32631,0.201075,0.09227,-0.041411,-0.06884,0.52,-0.180407,-0.027833,-0.50189,-0.234976,-0.543198,-0.015436,0.821609,-0.734635,-0.350828,0.650607,-0.070007,0.293316,0.124245,-0.564317
0.397137,-2.917468,0.754792,0.035803,0.231949,-0.018237,0.971898,-0.606549,0.201424,0.060683,0.198955,0.032859,-0.252148,-0.904611,-0.163057,0.022009,0.303044,0.200742,0.084249,-0.042433,-0.072448,0.52,-0.14124,-0.016078,-0.535275,-0.244654,-0.553579,-0.01627,0.827177,-0.735042,-0.407715,0.723756,-0.179336,0.239476,0.215713,-0.573232
0.401519,-2.916478,0.760063,0.032771,0.206841,-0.018399,0.977653,-0.529833,0.202671,0.064181,0.174161,0.041246,-0.227959,-0.827039,-0.162119,0.015342,0.283019,0.196276,0.082491,-0.045163,-0.07625,0.52,-0.109601,-0.013813,-0.562486,-0.256392,-0.555462,-0.022086,0.819824,-0.779419,-0.47236,0.767916,-0.255709,0.156091,0.32299,-0.546745
0.405181,-2.915665,0.763937,0.030329,0.186711,-0.018579,0.981771,-0.465319,0.203354,0.067109,0.14889,0.047217,-0.211222,-0.764027,-0.161016,0.009651,0.265761,0.191181,0.081667,-0.045305,-0.078369,0.52,-0.086847,-0.024041,-0.577241,-0.266932,-0.557272,-0.023059,0.786531,-0.832784,-0.522462,0.789008,-0.29503,0.062817,0.426867,-0.494592
0.408078,-2.914852,0.766584,0.027961,0.17132,-0.019104,0.984633,-0.415188,0.205246,0.0701,0.129016,0.049601,-0.200383,-0.715685,-0.158685,0.005572,0.251818,0.188222,0.080696,-0.043377,-0.077708,0.52,-0.068557,-0.031723,-0.587122,-0.282357,-0.549399,-0.029771,0.755427,-0.870563,-0.549268,0.807761,-0.316005,-0.013756,0.500656,-0.436964
0.409933,-2.914117,0.768138,0.025803,0.159509,-0.019268,0.986671,-0.377185,0.207222,0.071816,0.112862,0.051929,-0.195829,-0.679733,-0.156616,0.00212,0.242468,0.185889,0.080335,-0.040064,-0.076342,0.519143,-0.049816,-0.034196,-0.59584,-0.288005,-0.55312,-0.023211,0.768722,-0.905595,-0.568484,0.828017,-0.328625,-0.083831,0.559479,-0.375338
0.41124,-2.913344,0.769023,0.02479,0.1506,-0.017444,0.98813,-0.348904,0.205491,0.071825,0.098881,0.05412,-0.192758,-0.649525,-0.159074,-0.00358,0.231334,0.180851,0.084399,-0.040236,-0.079239,0.517178,-0.024412,-0.041886,-0.605489,-0.286517,-0.565798,-0.021057,0.797696,-0.923589,-0.576274,0.840013,-0.339279,-0.122158,0.579614,-0.355401
0.41155,-2.912637,0.769573,0.023655,0.144585,-0.013631,0.989116,-0.331768,0.203192,0.066698,0.08718,0.058537,-0.190549,-0.628293,-0.163288,-0.010769,0.223326,0.177504,0.086436,-0.041906,-0.079698,0.516746,-0.005014,-0.052468,-0.61805,-0.287685,-0.572015,-0.030011,0.82869,-0.935673,-0.581273,0.848723,-0.342859,-0.146409,0.587236,-0.344886
0.410601,-2.911851,0.76984,0.022735,0.140872,-0.009959,0.989717,-0.323595,0.200922,0.06021,0.079578,0.060775,-0.189901,-0.614914,-0.167181,-0.01731,0.216247,0.176422,0.087721,-0.04057,-0.081458,0.517376,0.007945,-0.067269,-0.625961,-0.290687,-0.580038,-0.0374,0.845391,-0.938461,-0.580302,0.849749,-0.3387,-0.153911,0.584966,-0.335837
0.409501,-2.911432,0.769644,0.021484,0.14018,-0.00613,0.989874,-0.324968,0.200255,0.052106,0.076119,0.061518,-0.193435,-0.610096,-0.16993,-0.023933,0.211527,0.176799,0.088751,-0.03526,-0.081153,0.519104,0.011469,-0.083646,-0.620728,-0.290818,-0.588208,-0.039116,0.854813,-0.927957,-0.574026,0.836466,-0.327553,-0.144034,0.571992,-0.335625
0.4068,-2.910958,0.768953,0.019905,0.145538,-0.001662,0.989151,-0.350495,0.200239,0.039594,0.086592,0.05975,-0.197621,-0.621314,-0.173048,-0.032177,0.206766,0.179762,0.092251,-0.023995,-0.078123,0.519885,-0.004256,-0.111371,-0.5983,-0.283587,-0.585204,-0.044916,0.856494,-0.895751,-0.555772,0.818263,-0.313458,-0.104607,0.506631,-0.342045
0.40346,-2.91092,0.767693,0.018468,0.153787,0.002577,0.987928,-0.387262,0.200375,0.026454,0.104815,0.054149,-0.205385,-0.641525,-0.175492,-0.039525,0.20427,0.185413,0.095413,-0.012891,-0.078578,0.52,-0.021125,-0.1341,-0.563477,-0.277999,-0.583935,-0.048253,0.842339,-0.865495,-0.535551,0.800996,-0.298528,-0.073973,0.402538,-0.323731
0.398509,-2.910817,0.765221,0.017397,0.166463,0.005849,0.985877,-0.439362,0.200244,0.01413,0.130239,0.043519,-0.219082,-0.681491,-0.177947,-0.042233,0.213073,0.190546,0.101605,-0.00004,-0.080954,0.52,-0.042108,-0.15303,-0.522762,-0.2673,-0.582902,-0.051223,0.825424,-0.856383,-0.524377,0.782275,-0.273274,-0.066591,0.272682,-0.279538
0.393248,-2.91057,0.761414,0.016647,0.18109,0.009142,0.983283,-0.495298,0.199225,0.002982,0.154108,0.029627,-0.24162,-0.729793,-0.181458,-0.043442,0.228365,0.190849,0.107737,0.013966,-0.084011,0.52,-0.062682,-0.160793,-0.483107,-0.256657,-0.585276,-0.05158,0.831233,-0.867777,-0.532599,0.77152,-0.247069,-0.072957,0.16739,-0.256553
0.385859,-2.909381,0.755928,0.016942,0.201305,0.012852,0.979298,-0.578579,0.192554,-0.008619,0.201036,0.008849,-0.2618,-0.801767,-0.1889,-0.0407,0.257456,0.188158,0.114155,0.029795,-0.08659,0.52,-0.087669,-0.171576,-0.446998,-0.238132,-0.596696,-0.046011,0.859092,-0.904614,-0.565591,0.77064,-0.201686,-0.09226,0.06767,-0.276457
0.378056,-2.905844,0.748913,0.020053,0.22416,0.018068,0.974179,-0.677088,0.169654,-0.013973,0.266127,-0.019355,-0.2618,-0.885838,-0.206432,-0.030814,0.295748,0.177949,0.130486,0.041666,-0.088901,0.52,-0.108991,-0.18523,-0.423177,-0.223213,-0.606369,-0.044704,0.882772,-0.978534,-0.625353,0.786732,-0.124408,-0.130929,0.023888,-0.335672
0.369643,-2.903067,0.738939,0.022562,0.247973,0.02466,0.96819,-0.788961,0.147879,-0.022376,0.350398,-0.054542,-0.2618,-0.982082,-0.225428,-0.022538,0.352809,0.154776,0.150669,0.051482,-0.086411,0.52,-0.126171,-0.189868,-0.419017,-0.219746,-0.609019,-0.047575,0.881276,-1.079719,-0.694708,0.823902,-0.007069,-0.168924,0.049298,-0.393142
0.361307,-2.900937,0.725796,0.024011,0.272777,0.031635,0.961257,-0.914107,0.129247,-0.034725,0.455028,-0.091688,-0.2618,-1.090134,-0.243854,-0.014855,0.427234,0.121976,0.168129,0.064023,-0.079033,0.52,-0.135773,-0.189197,-0.442744,-0.233568,-0.616363,-0.049487,0.867883,-1.202411,-0.746274,0.893218,0.150329,-0.176532,0.146319,-0.435561
0.353354,-2.899873,0.710476,0.024108,0.296914,0.038471,0.953824,-1.040377,0.115359,-0.049755,0.563076,-0.125053,-0.2618,-1.202328,-0.259057,-0.007559,0.511563,0.088552,0.176043,0.084232,-0.06635,0.52,-0.137915,-0.183841,-0.492992,-0.262562,-0.629919,-0.045953,0.848377,-1.354764,-0.763003,1.007204,0.361237,-0.19318,0.280475,-0.396915
0.346948,-2.89852,0.693725,0.02199,0.32096,0.04376,0.945826,-1.164544,0.106377,-0.062977,0.670301,-0.158251,-0.2618,-1.317577,-0.268827,0.000999,0.602924,0.05893,0.177934,0.114309,-0.042108,0.52,-0.136229,-0.195078,-0.562614,-0.301324,-0.627026,-0.063264,0.83637,-1.511166,-0.725683,1.169859,0.633031,-0.254376,0.422476,-0.245931
0.342161,-2.896505,0.676714,0.019212,0.344573,0.050239,0.937217,-1.282241,0.09466,-0.075655,0.767546,-0.185459,-0.2618,-1.428469,-0.281014,0.009088,0.69074,0.031926,0.174022,0.153004,-0.000792,0.52,-0.135228,-0.197168,-0.64042,-0.339258,-0.637603,-0.061041,0.8114,-1.595892,-0.664309,1.315949,0.9179,-0.304689,0.493194,-0.062192
0.338451,-2.89469,0.659923,0.015244,0.367403,0.056803,0.9282,-1.392465,0.083787,-0.089506,0.853637,-0.208327,-0.2618,-1.533641,-0.293827,0.01384,0.773262,0.007097,0.170051,0.203825,0.044036,0.52,-0.151814,-0.192269,-0.702551,-0.373511,-0.655774,-0.024077,0.803612,-1.624826,-0.638437,1.4,1.142792,-0.32668,0.489743,0.101198
0.335893,-2.893077,0.646952,0.005156,0.3711,0.061571,0.926535,-1.455699,0.078824,-0.117829,0.934974,-0.234681,-0.2618,-1.57,-0.301487,-0.004358,0.828148,-0.013275,0.162139,0.274535,0.059291,0.52,-0.137004,-0.139196,-0.774057,-0.392106,-0.660794,-0.030195,0.780219,-1.569797,-0.645251,1.4,1.268528,-0.40624,0.488596,0.220567
0.33528,-2.890381,0.635821,-0.009239,0.363137,0.063548,0.92952,-1.491627,0.078856,-0.151543,1.021616,-0.270109,-0.2618,-1.57,-0.304227,-0.033295,0.880769,-0.039162,0.15562,0.351513,0.084196,0.52,-0.089083,-0.100344,-0.861463,-0.405836,-0.652732,-0.079083,0.767758,-1.492128,-0.669132,1.4,1.340137,-0.501078,0.491973,0.296431
0.334493,-2.888634,0.626757,-0.023289,0.357201,0.066956,0.931333,-1.522962,0.077934,-0.18293,1.086462,-0.292884,-0.2618,-1.57,-0.308756,-0.062161,0.924829,-0.060825,0.146306,0.411083,0.111519,0.52,-0.049816,-0.063952,-0.932255,-0.41384,-0.635114,-0.135966,0.751425,-1.435513,-0.702585,1.4,1.370352,-0.581646,0.504706,0.316827
0.333119,-2.887896,0.621744,-0.033523,0.354494,0.069376,0.931878,-1.544976,0.076579,-0.209875,1.122386,-0.302353,-0.2618,-1.57,-0.310327,-0.083609,0.946369,-0.067183,0.135652,0.439704,0.138547,0.52,-0.016362,-0.054657,-0.98736,-0.421487,-0.634067,-0.180913,0.731612,-1.420182,-0.728896,1.4,1.371716,-0.624162,0.513602,0.30305
0.332463,-2.886825,0.620432,-0.039076,0.354919,0.069284,0.931507,-1.555449,0.076779,-0.223634,1.133624,-0.305538,-0.2618,-1.57,-0.307206,-0.093283,0.946953,-0.061984,0.129552,0.431809,0.173032,0.52,0.002929,-0.072341,-1.016871,-0.42487,-0.639427,-0.200317,0.722363,-1.453935,-0.743263,1.4,1.357657,-0.602728,0.518231,0.288739
0.333341,-2.886358,0.622703,-0.039383,0.357903,0.066463,0.930557,-1.555179,0.082286,-0.224998,1.125283,-0.302126,-0.2618,-1.57,-0.300203,-0.092401,0.932377,-0.049408,0.128908,0.396561,0.204329,0.52,0.021355,-0.120614,-1.036014,-0.427011,-0.643616,-0.215096,0.707488,-1.526126,-0.746001,1.4,1.331987,-0.489172,0.513422,0.262242
0.334478,-2.88631,0.629459,-0.03411,0.365865,0.063247,0.92789,-1.544478,0.087645,-0.211926,1.081635,-0.282492,-0.2618,-1.57,-0.292357,-0.081108,0.890238,-0.022723,0.12865,0.347779,0.225967,0.52,0.023043,-0.190326,-1.037359,-0.420927,-0.646977,-0.2217,0.690551,-1.597147,-0.742088,1.388453,1.31158,-0.293009,0.488702,0.214579
0.335509,-2.885655,0.639587,-0.024314,0.378728,0.061419,0.923148,-1.524947,0.087312,-0.181383,1.003165,-0.24933,-0.2618,-1.57,-0.290109,-0.062636,0.82333,0.012979,0.135643,0.300627,0.200313,0.52,-0.006038,-0.237134,-1.007918,-0.402566,-0.635691,-0.232103,0.678858,-1.598365,-0.722499,1.191226,1.282805,-0.07122,0.43226,0.152815
0.336477,-2.886109,0.652637,-0.007401,0.390957,0.05756,0.918577,-1.485874,0.087171,-0.135317,0.896559,-0.201197,-0.2618,-1.57,-0.28848,-0.030708,0.748175,0.058784,0.143195,0.244229,0.138885,0.52,-0.072581,-0.204775,-0.914075,-0.381476,-0.651787,-0.140518,0.685804,-1.552026,-0.676853,0.979782,1.215796,0.129056,0.353311,0.079905
0.33932,-2.887572,0.666856,0.008285,0.39966,0.051188,0.915196,-1.432978,0.090641,-0.098299,0.784057,-0.151675,-0.2618,-1.557976,-0.280597,-0.000597,0.672373,0.104439,0.146232,0.181136,0.065519,0.52,-0.124975,-0.195099,-0.817266,-0.383933,-0.643712,-0.099781,0.709337,-1.489437,-0.599281,0.795837,1.084919,0.251707,0.276802,0.019229
0.341406,-2.887247,0.683263,0.012768,0.390192,0.048902,0.919345,-1.3472,0.094499,-0.07535,0.676404,-0.109168,-0.2618,-1.47644,-0.27823,-0.004798,0.56909,0.147337,0.156619,0.123235,0.02836,0.52,-0.148289,-0.188047,-0.739698,-0.381714,-0.624869,-0.088635,0.744966,-1.387046,-0.508252,0.667001,0.889228,0.319853,0.202705,-0.060915
0.344131,-2.889242,0.699001,0.017984,0.376144,0.042855,0.925395,-1.247229,0.102386,-0.062376,0.562889,-0.06626,-0.2618,-1.385095,-0.266927,-0.004961,0.462626,0.195615,0.157241,0.080697,-0.017434,0.52,-0.151111,-0.170836,-0.678431,-0.372755,-0.59485,-0.100284,0.780809,-1.233414,-0.416249,0.580262,0.598317,0.33692,0.16042,-0.193101
0.347961,-2.890842,0.713348,0.022003,0.357656,0.037129,0.932855,-1.141862,0.110961,-0.045735,0.459905,-0.024123,-0.2618,-1.290815,-0.257764,-0.007204,0.373482,0.236691,0.154786,0.052761,-0.044764,0.52,-0.139948,-0.141238,-0.64121,-0.35851,-0.574765,-0.100769,0.816042,-1.115866,-0.363937,0.557419,0.326762,0.308029,0.148511,-0.29779
0.352689,-2.892211,0.725887,0.026077,0.334693,0.029181,0.941514,-1.020031,0.119866,-0.02406,0.350021,0.009492,-0.2618,-1.186991,-0.246455,-0.005233,0.285055,0.268639,0.151652,0.031766,-0.071025,0.52,-0.131525,-0.09503,-0.596932,-0.339554,-0.56833,-0.059842,0.867635,-1.01695,-0.36315,0.559246,0.060061,0.229922,0.196856,-0.421784
0.35726,-2.895329,0.735375,0.026567,0.312848,0.021354,0.949191,-0.922919,0.136554,-0.013594,0.279036,0.03537,-0.2618,-1.102917,-0.229819,-0.007473,0.231072,0.290814,0.136715,0.010386,-0.095936,0.52,-0.109751,-0.074306,-0.571806,-0.332523,-0.582049,-0.026474,0.888782,-0.963867,-0.370836,0.576745,-0.129041,0.167476,0.244454,-0.500403
